test_fold_index:1
dev_fold_index:2
tr_fold_indices:[0, 3]
Epoch 	 RSQ_tr  	 RSQ_dev
0	-3324525.208228346	-3624690.619624149
